Sample	A	B	C	D	E	F
A	1	0.9498832	0.9109078	0.6669875	0.6594138	0.6485424
B	0.9498832	1	0.9567069	0.7522426	0.7511332	0.7355863
C	0.9109078	0.9567069	1	0.8164308	0.839902	0.803412
D	0.6669875	0.7522426	0.8164308	1	0.957649	0.986292
E	0.6594138	0.7511332	0.839902	0.957649	1	0.958365
F	0.6485424	0.7355863	0.803412	0.986292	0.958365	1
